pos_control6_frame3864.jpg 3 169 85 266 189 1 230 117 273 203 0 426 84 449 139 0
pos_control7_frame5674.jpg 3 220 65 317 182 1 238 98 262 122 0 269 98 293 132 0
pos_control4_frame6957.jpg 2 55 154 121 181 1 182 159 195 182 0
gascola_car_small_frame233.jpg 1 163 149 251 211 1
gascola_car_small_frame289.jpg 1 300 173 397 225 1
gascola_car_small_frame747.jpg 1 344 119 392 146 1
gascola_car_small_frame1.jpg 2 291 117 351 151 1 40 222 70 272 0
pos_control5_frame707.jpg 3 171 205 241 310 1 60 86 92 104 1 95 92 104 102 0
pos_control4_frame7991.jpg 3 223 34 344 118 1 499 28 522 43 1 479 28 488 41 0
pos_control7_frame6174.jpg 3 194 20 346 172 1 233 71 267 112 0 277 62 305 94 0
pos_control4_frame3899.jpg 3 313 141 468 271 1 161 95 205 121 1 208 102 218 122 0
pos_control6_frame4729.jpg 3 190 66 276 185 1 241 96 261 119 0 460 17 473 56 0
pos_control7_frame10368.jpg 2 162 93 337 196 1 219 123 253 163 0
pos_control7_frame10628.jpg 3 231 49 446 225 1 332 100 371 160 0 298 90 329 133 0
pos_control7_frame11155.jpg 3 175 75 253 157 1 191 99 209 117 0 217 95 235 113 0
pos_control4_frame3982.jpg 3 257 114 417 249 1 92 57 145 82 1 154 60 163 83 0
pos_control7_frame10935.jpg 3 188 69 273 170 1 203 97 224 118 0 234 98 255 125 0
pos_control2_frame628.jpg 1 178 106 234 152 1
pos_control6_frame2427.jpg 2 140 116 250 177 1 559 118 577 163 0
pos_control6_frame5030.jpg 2 188 68 289 211 1 245 107 270 138 0
pos_control3_frame1369.jpg 1 137 96 277 185 1
pos_control4_frame3241.jpg 3 165 155 221 215 1 197 120 214 130 1 192 121 197 131 0
pos_control2_frame136.jpg 2 137 83 245 213 1 343 53 361 70 1
pos_control4_frame11042.jpg 1 329 77 416 170 1
pos_control2_frame259.jpg 1 158 93 247 159 1
gascola_car_small_frame687.jpg 1 445 134 506 165 1
pos_control7_frame11111.jpg 3 187 76 262 173 1 199 108 219 128 0 228 105 247 124 0
pos_control4_frame2182.jpg 3 177 131 242 187 1 184 117 216 139 1 150 124 160 146 0
pos_control3_frame1665.jpg 1 120 82 307 207 1
pos_control2_frame1040.jpg 1 161 101 231 159 1
pos_control4_frame5114.jpg 3 282 136 341 216 1 295 156 312 172 0 317 157 331 173 0
pos_control7_frame10913.jpg 3 183 77 279 182 1 204 105 225 125 0 231 107 254 135 0
gascola_car_small_frame432.jpg 1 253 149 326 193 1
pos_control4_frame4165.jpg 2 69 45 355 308 1 191 142 251 222 0
pos_control4_frame9721.jpg 1 489 148 501 165 1
pos_control6_frame1187.jpg 1 109 108 265 202 1
pos_control4_frame1348.jpg 3 1 189 146 323 1 214 113 240 134 1 197 121 205 138 0
pos_control4_frame2787.jpg 2 189 119 216 137 1 186 122 192 137 0
pos_control1_frame38.jpg 1 160 92 300 205 1
pos_control6_frame3125.jpg 2 95 111 271 203 1 43 93 67 140 0
pos_control7_frame208.jpg 4 177 66 313 168 1 221 94 243 128 0 248 87 275 109 0 1 189 26 233 0
pos_control4_frame10549.jpg 1 184 79 269 201 1
gascola_car_small_frame675.jpg 1 474 139 539 168 1
pos_control3_frame72.jpg 1 137 85 272 228 1
pos_control7_frame97.jpg 5 206 85 268 161 1 217 109 230 124 0 239 106 254 122 0 55 151 85 183 0 46 69 127 148 1
pos_control4_frame2855.jpg 2 169 212 246 320 1 198 120 215 133 1
pos_control7_frame9712.jpg 2 135 81 326 206 1 192 126 233 172 0
pos_control3_frame896.jpg 1 32 117 235 223 1
